6228671
451598766
299375679
124837168
570364145
548869811
326155090
1473325261
448185311
86912171
591626569
480295072
339747878
1388705835
118522690
582377303
307694475
585584518
1388300694
600322670
3939297224
1355956108
1355956108
329383883
3934572767
1723881187
1798497091
2075297934
1842283915
368272017
368272017
1941312681
2081873578
1941312681
1941312681
596552381
1941312681
1941312681
1941312681
3307932448
534506846
1768549142
1753698718
1439691785
1687352145
1881628308
249622492
121798188
419861893
121798188
569210989
287353820
1747721127
1715497112
3905490887
3386151672
3386151672
3386151672
120948655
3385236364
1715497112
1715497112
590971302
1715497112
491620434
1834025285
486918258
3385236364
345638440
1312069191
508984730
504791453
535717956
535717956
3723957161
388701942
1780764620
1390102384
1623130112
3298582675
1768939980
1677311114
410656294
490326247
490326247
1954672237
1954672237
591448031
619228750
322848363
376809745
315877669
376809745
1961088224
1961088224
1685722255
1669134884
2044706914
303777807
1735718505
6228671
451598766
299375679
124837168
570364145
548869811
326155090
1473325261
448185311
86912171
591626569
480295072
339747878
1388705835
118522690
582377303
307694475
585584518
1388300694
600322670
3939297224
1355956108
1355956108
329383883
3934572767
1723881187
1798497091
2075297934
1842283915
368272017
368272017
1941312681
2081873578
1941312681
1941312681
596552381
1941312681
1941312681
1941312681
3307932448
534506846
1768549142
1753698718
1439691785
1687352145
1881628308
249622492
121798188
419861893
121798188
569210989
287353820
1747721127
1715497112
3905490887
3386151672
3386151672
3386151672
120948655
3385236364
1715497112
1715497112
590971302
1715497112
491620434
1834025285
486918258
3385236364
345638440
1312069191
508984730
504791453
535717956
535717956
3723957161
388701942
1780764620
1390102384
1623130112
3298582675
1768939980
1677311114
410656294
490326247
490326247
1954672237
1954672237
591448031
619228750
322848363
376809745
315877669
376809745
1961088224
1961088224
1685722255
1669134884
2044706914
303777807
1735718505
